cx: 327.5
cy: 245.0
fx: 5478.2409969999999
fy: 5478.9541440000003
size: 8x6
square: 1.0
