fx: 5478.240997 
fy: 5478.954144
cx: 327.500000
cy: 245.000000
